99.12184245
